Mode: YANGS-SDN  DataSet:  15ms
2966
2966
14325
45757
47976
40149
33309
20583
2966
2966
2966
2966
2966
2966
2966
2966
2966
2966
2966
2966
2966
2966
2966
2966
2966
2966
2966
2966
2966
2966
2966
2966
2966
2966
2966
2966
2966
2966
2966
2966
2966
2966
2966
2966
2966
2966
2966
2966
2966
2966
2966
2966
2966
2966
2966
2966
2966
2966
2966
2966
2966
2966
2966
2966
2966
2966
2966
2966
2966
2966
2966
2966
2966
2966
2966
2966
2966
2966
2966
2966
2966
2966
2966
2966
2965
2966
2966
2966
2966
2966
2966
2966
2966
2966
2966
2966
2966
2966
2966
2966
2966
2966
2966
2966
2966
2966
2966
2966
2966
2966
2966
2966
2966
2966
2966
2966
2966
2966
2966
2966
2966
2966
2966
2966
2966
2966
2966
2966
2966
2966
2966
2966
2966
2966
2966
2966
2966
2966
2966
2966
2966
2966
2966
2966
2692
2966
2966
2966
2966
2966
2966
2966
2966
2966
2966
2966
2966
2966
2966
2966
2966
2966
2966
2966
2966
2966
2966
2966
2966
2966
2966
2966
2966
2966
2966
2966
2966
2966
2966
2966
2966
2966
2966
2692
2966
2966
2966
2966
2966
2966
2966
2966
2966
2966
2966
2966
2692
2966
2965
2966
2966
2966
2966
2966
2966
2966
2966
2966
2966
2966
2966
2966
2966
2966
2966
2966
2966
2692
2966
2966
2966
2966
2692
2692
2966
2966
2966
2966
2966
2966
2966
2966
2966
2966
2966
2966
2966
2966
2966
2966
2966
2966
2966
2966
2966
2966
2692
2966
2966
2966
2966
2966
2966
2966
2966
2966
2966
2692
2966
2966
2966
2966
2966
2966
2966
2966
2966
2966
2692
2966
2966
2966
2966
2966
2966
2966
2966
2966
2966
2966
2692
2966
2966
2966
2692
2966
2966
2692
2966
2966
2966
2966
2966
2966
2966
2692
2966
2966
2692
2692
2966
2966
2966
2692
2966
2966
2966
2966
2966
2966
2966
2966
2966
2966
2966
2966
2966
2965
2966
2966
2966
2692
2966
2966
2692
2966
2966
2966
2692
2966
2966
2966
2966
2966
2966
2966
2692
2966
2966
2966
2966
2692
2966
2692
2966
2966
2966
2966
2966
2966
2966
2966
2966
2966
2692
2692
2966
2966
2966
2966
2966
2966
2966
2966
2966
2966
2966
2966
2966
2966
2692
2692
2966
2966
2692
2966
2966
2692
2692
2966
2966
2966
2966
2966
2966
2692
2692
2692
2966
2692
2692
2966
2692
2692
2966
2966
2966
2966
2966
2692
2692
2692
2966
2966
2966
2692
2692
2692
2966
2692
2966
2966
2692
2966
2692
2692
2966
2966
2692
2966
2692
2966
2966
2692
2692
2692
2692
2966
2692
2692
2692
2692
2966
2692
2966
2966
2692
2692
2966
2692
2692
2966
2692
2692
2692
2692
2966
2966
74664
83756
104563
88822
81627
77264
69816
62661
55492
48362
41181
36517
29349
22271
15038
7947
3245
2966
2966
2966
2966
2966
2966
2966
2966
2966
2966
2966
2966
2966
2966
2966
2966
2966
2966
2966
2966
2966
2966
2966
2966
2966
2966
2966
2966
2966
2966
2966
2966
2966
2966
2966
2966
2966
2966
2966
2966
2966
2966
2966
2966
2966
2966
2966
2966
2966
2966
2966
2966
2966
2966
2966
2966
2966
2966
2966
2966
2966
2966
2966
2966
2966
2966
2966
2966
2966
2966
2966
2966
2966
2966
2966
2966
2966
2966
2966
2966
2966
2966
2966
2966
2966
2966
2966
2966
2966
2966
2966
2966
2966
2966
2966
2966
2966
2966
2966
2966
2966
2966
2966
2966
2966
2966
2966
2966
2966
2966
2966
2966
2966
2966
2966
2966
2966
2966
2966
2966
2966
2966
2966
2966
2966
2966
2966
2966
2966
2966
2966
2966
2966
2966
2966
2966
2966
2966
2966
2966
2966
2966
2966
2966
2966
2966
2966
2966
2966
2966
2966
2966
2966
2966
2966
2966
2966
2966
2966
2966
2966
2966
2966
2966
2966
2966
2966
2966
2966
2966
2966
2966
2966
2966
2966
2966
2966
2966
2966
2966
2966
2966
2966
2966
2966
2966
2966
2966
2966
2966
2966
2966
2966
2966
2966
2966
2966
2966
2966
2966
2966
2966
2966
2966
2966
2966
2966
2966
2966
2966
2966
7857
35421
24080
28871
35290
24721
11969
3240
3240
3240
3240
3240
3240
3240
3240
3240
3240
3240
3240
3240
3240
3240
3240
3240
3240
3855
3240
5745
3240
3240
3240
3240
3240
3240
3240
3240
3240
3240
3240
3240
3240
3240
3240
3240
3240
3240
3240
3240
3240
3240
3240
3240
3240
3240
3240
3240
3240
3239
3240
3240
3240
3240
3240
3240
3240
3240
3240
3240
3946
3240
3240
3240
3240
3240
3240
3240
3933
3240
3240
3240
3240
3240
3240
3240
3240
3240
3240
3240
3240
3240
3240
3240
3240
3240
3240
3240
3240
3240
3240
3239
3240
3240
3240
3240
3240
2966
2966
3240
3240
3240
3240
6020
3240
6501
3240
3240
13139
13744
43208
54919
46611
99537
94757
95655
83693
37961
3240
3240
3240
3240
3240
3240
3240
3240
3240
3240
3240
3240
3240
3240
3240
3240
3240
3240
3240
3240
3240
3240
3240
3240
3240
3240
3240
3240
3240
3240
3240
3240
3240
3240
3240
3240
3240
3240
3240
3240
3240
3240
3240
3240
3240
3240
3240
3240
3240
3240
3240
3240
3240
3240
3240
3240
3240
3240
3240
3240
3240
3240
3240
3240
3240
3240
3240
3240
3240
3240
3240
3240
3240
3240
3240
3240
3240
5793
14333
18626
107405
314887
310287
310765
297579
283372
262518
261667
259314
226435
225218
227325
195882
178036
167771
156604
136670
131858
117454
128758
93211
82130
71953
49630
3240
3240
3240
3240
3240
3240
3240
3240
3240
3240
3240
3240
3240
3240
3240
3240
3240
3240
3239
3240
3240
3240
3240
3240
3240
3240
3240
3240
3240
3240
3240
3240
3240
3240
3240
3240
3240
3240
3240
3240
3240
3240
3240
3240
3240
3240
3240
3240
3240
3240
3240
3240
3240
3240
3240
3240
3240
3240
3240
3240
3240
3240
3240
3240
3240
3240
3240
3240
3240
3240
3240
3240
3240
3240
3240
3240
3240
3240
3240
3240
3240
3240
3240
3240
2966
2966
2966
2966
2966
2966
2966
2966
2966
2966
2966
2966
2966
2966
2966
2966
2966
2966
2966
2966
2966
2966
2966
2966
2966
2966
2966
2966
2966
2966
2966
2966
2966
2966
2966
2966
2966
2966
2966
2966
2966
2966
2966
2966
2966
2966
2966
2966
2966
2966
2966
2966
2966
2966
2966
2966
2966
2966
2966
2966
2966
2966
2966
2966
2966
2966
2966
2966
2966
2966
2966
2966
2966
2966
2966
2966
2966
2966
2966
2966
2966
2966
2966
2966
2966
2966
2966
2966
2966
2966
2966
2966
2966
2966
2966
2966
2966
2966
2966
2966
2966
2966
2966
2966
2966
2966
2966
2966
2966
2966
2966
2966
2966
2966
2966
2966
2966
2966
2966
2966
2966
2966
2966
2966
2966
2966
2966
2966
2966
2966
2966
2966
2966
2966
2966
2966
2966
2966
2966
2966
2966
2966
2966
2966
2966
2966
2966
2966
2966
2966
2966
2966
2966
2966
2966
2966
2966
2966
2966
2966
2966
2966
2966
2966
2966
2966
2966
2966
2966
2966
2966
2966
2966
2966
2966
2966
2966
2966
2966
2966
2966
2966
2966
2966
2966
2966
2966
2966
2966
2966
2966
2966
2966
2966
2966
2966
2966
2966
2966
2966
2965
2966
2966
2966
2966
2966
2966
2966
2966
2966
2966
2966
2966
2966
2966
2966
2966
2966
2966
2966
2966
2966
2966
2966
2966
2966
2966
2966
2966
2966
2966
2966
2966
2966
2966
2966
2966
2966
2966
2966
2966
2966
2966
2966
2966
2966
2966
2966
2966
2966
2966
2966
2966
2966
2966
2966
2966
2966
2966
2966
2966
2966
2966
2966
2966
2966
2966
2966
2966
2966
2966
2966
2966
2966
2966
2966
2966
2966
2966
2966
2966
2966
2966
2966
2966
2966
2966
2966
2966
2966
2966
2966
2966
2966
2966
2966
2966
2966
2966
2966
2966
2966
2966
2966
2966
2966
2966
2966
2966
2966
2966
2966
2966
2966
2966
2966
2965
2966
2966
2966
2966
2966
2966
2966
2966
2966
2966
2966
2966
2966
2966
2966
2966
2966
2966
2966
2966
2966
2966
2966
2966
2966
2966
2966
2966
2966
2966
2966
5513
2966
9704
10250
13651
6509
2966
2966
2966
2966
2966
2966
2966
2966
2966
2966
2966
2966
2966
2966
2966
2966
2966
2966
2966
2966
2966
2966
2966
2966
2966
2966
2966
2966
2966
2966
2966
2966
2966
2966
2966
2966
2966
2966
2966
2966
2966
2966
2966
2966
2966
2966
2966
2966
2966
2966
2966
2966
2966
2966
2966
2966
2966
2966
2966
2966
2966
2966
2966
2966
2966
2966
2966
2966
2966
2966
2966
2966
2966
2966
2966
2966
2966
2966
2966
2966
2965
2966
2966
2966
2966
2966
2966
2966
2966
2966
2966
2966
2966
2966
2966
2966
2966
2966
2966
2966
2966
2966
2966
2966
2966
2966
2966
2966
2966
2966
2966
2966
2966
2966
2966
2966
2966
2966
2966
2966
2966
2966
2966
2966
2966
2966
2966
2966
2966
2966
2966
2966
2966
2966
2966
2966
2966
2966
2966
2966
2966
2966
2966
2966
2966
2966
2966
2966
2966
2966
2966
2966
2966
2966
2966
2966
2966
2966
2966
2966
2966
2966
2966
2966
2966
2966
2966
2966
2966
2966
2966
2966
2966
2966
2966
2966
2966
2966
2966
2966
2966
2966
2966
2966
2966
2966
2966
2966
2966
2966
2966
2966
2966
2966
2966
2966
2966
2966
2966
2966
2965
2966
2966
2966
2966
2966
2966
2966
2966
2966
2966
2966
2966
2966
2966
2966
2966
2966
2966
2966
2966
2966
2966
2966
2966
2966
2966
2966
2966
2966
2966
2966
2966
2966
2966
2966
2966
3360
3240
3240
3240
3240
3240
3240
3240
3240
3240
3240
3240
3240
3240
3240
3240
3240
3240
3240
3240
3240
3240
3240
3240
3240
3240
3240
3240
3240
3240
3240
3240
3240
3240
3240
3240
3240
3240
3240
3240
3240
3240
3240
3240
3240
3240
3240
3240
3240
3240
3240
3240
3240
3240
3240
3240
3240
3240
3240
3240
3240
3240
3240
3240
3240
3240
3240
3240
3240
3240
3696
3240
3240
3240
3240
3240
3240
3240
3240
3240
3240
3240
3240
3240
3240
3240
3240
3240
3240
3240
3240
3240
3240
3240
3240
3240
3240
3240
3240
3240
3240
3240
3240
3240
3240
3240
3240
3240
3240
3657
3240
3240
3240
3240
3240
3240
3240
3240
3240
3240
3240
3240
3240
3240
3240
3240
3240
3240
3240
3240
3240
3240
3240
3240
3240
3240
3240
3240
3240
3240
3240
3240
3240
3240
2966
3240
3240
3240
3240
3240
3240
3240
3240
3240
3240
2966
3894
3240
3240
3239
3240
3240
3240
3240
3240
3240
3240
3240
3240
3240
3240
3240
3240
3240
3240
3240
3240
3240
3240
3240
3240
3240
3240
3514
2966
3240
3240
3240
3240
3240
3240
3240
3240
3240
3240
3240
3240
3240
3240
3240
3240
3240
3240
2966
19801
35390
24778
55223
52743
83088
159787
156183
153247
148527
125934
110809
106144
91646
86523
83269
76401
70832
64003
40830
39084
31864
28771
13372
7868
3240
3240
3240
3240
3240
3240
3240
3240
3240
3240
3240
3240
3240
3240
3240
3240
3240
3240
3240
3240
3240
3240
3240
3240
3240
3240
3240
3240
3240
3240
3240
3240
3239
3240
3240
3240
3240
3240
3240
3240
3240
3240
3240
3240
3240
3240
3240
3240
3240
3240
3240
3240
3240
3240
3240
3240
3240
3240
3240
3240
3240
3240
3240
3240
3240
3240
3240
3240
3240
3240
3240
3240
3240
3240
3240
3240
3240
3240
3240
